[0 0 1624303327650]
[1 1 1624303327651]
[3 3 1624303327651]
[2 2 1624303327651]
[7 7 1624303327652]
[15 15 1624303327652]
[94 94 1624303327652]
[93 93 1624303327652]
[92 92 1624303327652]
[91 91 1624303327652]
[90 90 1624303327652]
[89 89 1624303327652]
[88 88 1624303327652]
[87 87 1624303327652]
[86 86 1624303327652]
[85 85 1624303327652]
[84 84 1624303327652]
[83 83 1624303327652]
[82 82 1624303327652]
[81 81 1624303327652]
[80 80 1624303327652]
[79 79 1624303327652]
[78 78 1624303327652]
[77 77 1624303327652]
[76 76 1624303327652]
[75 75 1624303327652]
[74 74 1624303327652]
[73 73 1624303327652]
[72 72 1624303327652]
[71 71 1624303327652]
[70 70 1624303327652]
[69 69 1624303327652]
[68 68 1624303327652]
[59 59 1624303327652]
[60 60 1624303327652]
[61 61 1624303327652]
[62 62 1624303327652]
[64 64 1624303327652]
[63 63 1624303327652]
[31 31 1624303327652]
[66 66 1624303327652]
[67 67 1624303327652]
[56 56 1624303327652]
[57 57 1624303327652]
[58 58 1624303327652]
[55 55 1624303327652]
[54 54 1624303327652]
[53 53 1624303327652]
[52 52 1624303327652]
[51 51 1624303327652]
[50 50 1624303327652]
[49 49 1624303327652]
[48 48 1624303327652]
[95 95 1624303327652]
[46 46 1624303327652]
[45 45 1624303327652]
[44 44 1624303327652]
[43 43 1624303327652]
[42 42 1624303327652]
[41 41 1624303327652]
[40 40 1624303327652]
[39 39 1624303327652]
[38 38 1624303327652]
[37 37 1624303327652]
[36 36 1624303327652]
[35 35 1624303327652]
[34 34 1624303327652]
[32 32 1624303327652]
[65 65 1624303327652]
[16 16 1624303327652]
[30 30 1624303327652]
[29 29 1624303327652]
[28 28 1624303327652]
[27 27 1624303327652]
[26 26 1624303327652]
[25 25 1624303327652]
[24 24 1624303327652]
[47 47 1624303327652]
[22 22 1624303327652]
[21 21 1624303327652]
[20 20 1624303327652]
[19 19 1624303327652]
[18 18 1624303327652]
[33 33 1624303327652]
[8 8 1624303327652]
[17 17 1624303327652]
[14 14 1624303327652]
[13 13 1624303327652]
[12 12 1624303327652]
[23 23 1624303327652]
[10 10 1624303327652]
[4 4 1624303327652]
[9 9 1624303327652]
[5 5 1624303327652]
[6 6 1624303327652]
[11 11 1624303327652]
[98 98 1624303327653]
[99 99 1624303327653]
[97 97 1624303327653]
[96 96 1624303327653]
[0 0 1624303390369]
[1 1 1624303390369]
[3 3 1624303390369]
[2 2 1624303390369]
[7 7 1624303390370]
[15 15 1624303390370]
[31 31 1624303390370]
[63 63 1624303390370]
[64 64 1624303390370]
[32 32 1624303390370]
[65 65 1624303390370]
[66 66 1624303390370]
[16 16 1624303390370]
[33 33 1624303390370]
[67 67 1624303390370]
[68 68 1624303390370]
[34 34 1624303390370]
[69 69 1624303390370]
[70 70 1624303390370]
[8 8 1624303390370]
[17 17 1624303390370]
[35 35 1624303390370]
[71 71 1624303390370]
[72 72 1624303390370]
[36 36 1624303390370]
[73 73 1624303390370]
[74 74 1624303390370]
[18 18 1624303390370]
[37 37 1624303390370]
[75 75 1624303390370]
[76 76 1624303390370]
[38 38 1624303390370]
[77 77 1624303390370]
[78 78 1624303390370]
[4 4 1624303390370]
[9 9 1624303390370]
[19 19 1624303390370]
[39 39 1624303390370]
[79 79 1624303390370]
[80 80 1624303390370]
[40 40 1624303390370]
[81 81 1624303390370]
[20 20 1624303390370]
[82 82 1624303390370]
[41 41 1624303390370]
[83 83 1624303390370]
[84 84 1624303390370]
[42 42 1624303390370]
[85 85 1624303390370]
[86 86 1624303390370]
[10 10 1624303390370]
[21 21 1624303390370]
[43 43 1624303390370]
[87 87 1624303390370]
[88 88 1624303390370]
[44 44 1624303390370]
[89 89 1624303390370]
[90 90 1624303390370]
[22 22 1624303390370]
[45 45 1624303390370]
[91 91 1624303390370]
[92 92 1624303390370]
[46 46 1624303390370]
[93 93 1624303390370]
[94 94 1624303390370]
[5 5 1624303390370]
[11 11 1624303390370]
[23 23 1624303390370]
[47 47 1624303390370]
[95 95 1624303390370]
[96 96 1624303390370]
[48 48 1624303390370]
[24 24 1624303390370]
[49 49 1624303390370]
[50 50 1624303390370]
[12 12 1624303390370]
[25 25 1624303390370]
[51 51 1624303390370]
[52 52 1624303390370]
[26 26 1624303390370]
[53 53 1624303390370]
[54 54 1624303390370]
[6 6 1624303390370]
[13 13 1624303390370]
[27 27 1624303390370]
[55 55 1624303390370]
[56 56 1624303390370]
[28 28 1624303390370]
[57 57 1624303390370]
[58 58 1624303390370]
[14 14 1624303390370]
[29 29 1624303390370]
[59 59 1624303390370]
[60 60 1624303390370]
[30 30 1624303390370]
[61 61 1624303390370]
[62 62 1624303390370]
[103 103 1624303390371]
[102 102 1624303390371]
[101 101 1624303390371]
[100 100 1624303390371]
[99 99 1624303390371]
[98 98 1624303390371]
[97 97 1624303390371]
[135 135 1624303390371]
[197 197 1624303390371]
[141 141 1624303390371]
[142 142 1624303390371]
[144 144 1624303390371]
[145 145 1624303390371]
[148 148 1624303390371]
[149 149 1624303390371]
[151 151 1624303390371]
[152 152 1624303390371]
[156 156 1624303390371]
[157 157 1624303390371]
[159 159 1624303390371]
[160 160 1624303390371]
[163 163 1624303390371]
[164 164 1624303390371]
[166 166 1624303390371]
[167 167 1624303390371]
[172 172 1624303390371]
[173 173 1624303390371]
[175 175 1624303390371]
[176 176 1624303390371]
[179 179 1624303390371]
[180 180 1624303390371]
[182 182 1624303390371]
[183 183 1624303390371]
[187 187 1624303390371]
[188 188 1624303390371]
[190 190 1624303390371]
[191 191 1624303390371]
[194 194 1624303390371]
[195 195 1624303390371]
[198 198 1624303390371]
[199 199 1624303390371]
[108 108 1624303390371]
[109 109 1624303390371]
[111 111 1624303390371]
[112 112 1624303390371]
[115 115 1624303390371]
[116 116 1624303390371]
[118 118 1624303390371]
[119 119 1624303390371]
[123 123 1624303390371]
[124 124 1624303390371]
[126 126 1624303390371]
[127 127 1624303390371]
[130 130 1624303390371]
[131 131 1624303390371]
[133 133 1624303390371]
[134 134 1624303390371]
[140 140 1624303390371]
[143 143 1624303390371]
[147 147 1624303390371]
[150 150 1624303390371]
[155 155 1624303390371]
[158 158 1624303390371]
[162 162 1624303390371]
[165 165 1624303390371]
[171 171 1624303390371]
[174 174 1624303390371]
[178 178 1624303390371]
[181 181 1624303390371]
[186 186 1624303390371]
[189 189 1624303390371]
[193 193 1624303390371]
[196 196 1624303390371]
[107 107 1624303390371]
[110 110 1624303390371]
[114 114 1624303390371]
[117 117 1624303390371]
[122 122 1624303390371]
[125 125 1624303390371]
[129 129 1624303390371]
[132 132 1624303390371]
[139 139 1624303390371]
[146 146 1624303390371]
[154 154 1624303390371]
[161 161 1624303390371]
[170 170 1624303390371]
[177 177 1624303390371]
[185 185 1624303390371]
[192 192 1624303390371]
[106 106 1624303390371]
[113 113 1624303390371]
[121 121 1624303390371]
[128 128 1624303390371]
[138 138 1624303390371]
[153 153 1624303390371]
[169 169 1624303390371]
[184 184 1624303390371]
[105 105 1624303390371]
[120 120 1624303390371]
[137 137 1624303390371]
[168 168 1624303390371]
[104 104 1624303390371]
[136 136 1624303390371]
[0 0 1624304434050]
[1 1 1624304434050]
[3 3 1624304434050]
[7 7 1624304434050]
[8 8 1624304434050]
[4 4 1624304434050]
[9 9 1624304434050]
[10 10 1624304434050]
[2 2 1624304434050]
[5 5 1624304434050]
[11 11 1624304434050]
[6 6 1624304434050]
[15 15 1624304434051]
[31 31 1624304434051]
[63 63 1624304434051]
[64 64 1624304434051]
[32 32 1624304434051]
[65 65 1624304434051]
[66 66 1624304434051]
[16 16 1624304434051]
[33 33 1624304434051]
[67 67 1624304434051]
[68 68 1624304434051]
[34 34 1624304434051]
[69 69 1624304434051]
[70 70 1624304434051]
[17 17 1624304434051]
[35 35 1624304434051]
[71 71 1624304434051]
[72 72 1624304434051]
[36 36 1624304434051]
[73 73 1624304434051]
[74 74 1624304434051]
[18 18 1624304434051]
[37 37 1624304434051]
[75 75 1624304434051]
[76 76 1624304434051]
[38 38 1624304434051]
[77 77 1624304434051]
[78 78 1624304434051]
[19 19 1624304434051]
[39 39 1624304434051]
[79 79 1624304434051]
[80 80 1624304434051]
[40 40 1624304434051]
[81 81 1624304434051]
[82 82 1624304434051]
[20 20 1624304434051]
[41 41 1624304434051]
[83 83 1624304434051]
[84 84 1624304434051]
[42 42 1624304434051]
[85 85 1624304434051]
[86 86 1624304434051]
[21 21 1624304434051]
[43 43 1624304434051]
[87 87 1624304434051]
[88 88 1624304434051]
[44 44 1624304434051]
[89 89 1624304434051]
[90 90 1624304434051]
[22 22 1624304434051]
[45 45 1624304434051]
[91 91 1624304434051]
[92 92 1624304434051]
[46 46 1624304434051]
[93 93 1624304434051]
[94 94 1624304434051]
[23 23 1624304434051]
[47 47 1624304434051]
[95 95 1624304434051]
[96 96 1624304434051]
[48 48 1624304434051]
[97 97 1624304434051]
[98 98 1624304434051]
[24 24 1624304434051]
[49 49 1624304434051]
[99 99 1624304434051]
[100 100 1624304434051]
[50 50 1624304434051]
[101 101 1624304434051]
[102 102 1624304434051]
[12 12 1624304434051]
[25 25 1624304434051]
[51 51 1624304434051]
[103 103 1624304434051]
[104 104 1624304434051]
[52 52 1624304434051]
[105 105 1624304434051]
[106 106 1624304434051]
[26 26 1624304434051]
[53 53 1624304434051]
[107 107 1624304434051]
[54 54 1624304434051]
[13 13 1624304434051]
[27 27 1624304434051]
[55 55 1624304434051]
[56 56 1624304434051]
[28 28 1624304434051]
[57 57 1624304434051]
[58 58 1624304434051]
[14 14 1624304434051]
[29 29 1624304434051]
[59 59 1624304434051]
[60 60 1624304434051]
[30 30 1624304434051]
[61 61 1624304434051]
[62 62 1624304434051]
[141 141 1624304434052]
[142 142 1624304434052]
[145 145 1624304434052]
[146 146 1624304434052]
[148 148 1624304434052]
[195 195 1624304434052]
[152 152 1624304434052]
[153 153 1624304434052]
[155 155 1624304434052]
[156 156 1624304434052]
[159 159 1624304434052]
[160 160 1624304434052]
[194 194 1624304434052]
[196 196 1624304434052]
[166 166 1624304434052]
[167 167 1624304434052]
[169 169 1624304434052]
[170 170 1624304434052]
[173 173 1624304434052]
[174 174 1624304434052]
[176 176 1624304434052]
[198 198 1624304434052]
[180 180 1624304434052]
[181 181 1624304434052]
[183 183 1624304434052]
[184 184 1624304434052]
[187 187 1624304434052]
[188 188 1624304434052]
[197 197 1624304434052]
[199 199 1624304434052]
[132 132 1624304434052]
[131 131 1624304434052]
[127 127 1624304434052]
[125 125 1624304434052]
[119 119 1624304434052]
[117 117 1624304434052]
[113 113 1624304434052]
[190 190 1624304434052]
[111 111 1624304434052]
[112 112 1624304434052]
[115 115 1624304434052]
[118 118 1624304434052]
[123 123 1624304434052]
[126 126 1624304434052]
[130 130 1624304434052]
[189 189 1624304434052]
[137 137 1624304434052]
[140 140 1624304434052]
[144 144 1624304434052]
[147 147 1624304434052]
[151 151 1624304434052]
[154 154 1624304434052]
[158 158 1624304434052]
[161 161 1624304434052]
[165 165 1624304434052]
[168 168 1624304434052]
[172 172 1624304434052]
[175 175 1624304434052]
[179 179 1624304434052]
[182 182 1624304434052]
[186 186 1624304434052]
[193 193 1624304434052]
[191 191 1624304434052]
[128 128 1624304434052]
[120 120 1624304434052]
[116 116 1624304434052]
[110 110 1624304434052]
[114 114 1624304434052]
[122 122 1624304434052]
[129 129 1624304434052]
[136 136 1624304434052]
[143 143 1624304434052]
[150 150 1624304434052]
[157 157 1624304434052]
[164 164 1624304434052]
[171 171 1624304434052]
[178 178 1624304434052]
[185 185 1624304434052]
[192 192 1624304434052]
[124 124 1624304434052]
[109 109 1624304434052]
[121 121 1624304434052]
[135 135 1624304434052]
[149 149 1624304434052]
[163 163 1624304434052]
[177 177 1624304434052]
[138 138 1624304434052]
[108 108 1624304434052]
[134 134 1624304434052]
[162 162 1624304434052]
[139 139 1624304434052]
[133 133 1624304434052]
[0 0 1624305824227]
[1 1 1624305824227]
[3 3 1624305824227]
[4 4 1624305824227]
[2 2 1624305824227]
[5 5 1624305824227]
[6 6 1624305824227]
[7 7 1624305824228]
[15 15 1624305824228]
[31 31 1624305824228]
[63 63 1624305824228]
[64 64 1624305824228]
[32 32 1624305824228]
[65 65 1624305824228]
[66 66 1624305824228]
[16 16 1624305824228]
[33 33 1624305824228]
[67 67 1624305824228]
[68 68 1624305824228]
[34 34 1624305824228]
[69 69 1624305824228]
[70 70 1624305824228]
[8 8 1624305824228]
[17 17 1624305824228]
[35 35 1624305824228]
[71 71 1624305824228]
[72 72 1624305824228]
[36 36 1624305824228]
[73 73 1624305824228]
[74 74 1624305824228]
[18 18 1624305824228]
[37 37 1624305824228]
[75 75 1624305824228]
[76 76 1624305824228]
[38 38 1624305824228]
[77 77 1624305824228]
[78 78 1624305824228]
[9 9 1624305824228]
[19 19 1624305824228]
[39 39 1624305824228]
[79 79 1624305824228]
[80 80 1624305824228]
[40 40 1624305824228]
[81 81 1624305824228]
[82 82 1624305824228]
[20 20 1624305824228]
[41 41 1624305824228]
[83 83 1624305824228]
[84 84 1624305824228]
[42 42 1624305824228]
[85 85 1624305824228]
[86 86 1624305824228]
[10 10 1624305824228]
[21 21 1624305824228]
[43 43 1624305824228]
[87 87 1624305824228]
[88 88 1624305824228]
[44 44 1624305824228]
[89 89 1624305824228]
[90 90 1624305824228]
[22 22 1624305824228]
[45 45 1624305824228]
[91 91 1624305824228]
[92 92 1624305824228]
[46 46 1624305824228]
[93 93 1624305824228]
[94 94 1624305824228]
[11 11 1624305824228]
[23 23 1624305824228]
[47 47 1624305824228]
[95 95 1624305824228]
[96 96 1624305824228]
[48 48 1624305824228]
[97 97 1624305824228]
[98 98 1624305824228]
[24 24 1624305824228]
[49 49 1624305824228]
[99 99 1624305824228]
[100 100 1624305824228]
[50 50 1624305824228]
[101 101 1624305824228]
[102 102 1624305824228]
[12 12 1624305824228]
[117 117 1624305824228]
[116 116 1624305824228]
[115 115 1624305824228]
[114 114 1624305824228]
[113 113 1624305824228]
[112 112 1624305824228]
[25 25 1624305824228]
[110 110 1624305824228]
[109 109 1624305824228]
[108 108 1624305824228]
[107 107 1624305824228]
[106 106 1624305824228]
[51 51 1624305824228]
[103 103 1624305824228]
[104 104 1624305824228]
[52 52 1624305824228]
[105 105 1624305824228]
[26 26 1624305824228]
[53 53 1624305824228]
[54 54 1624305824228]
[13 13 1624305824228]
[27 27 1624305824228]
[55 55 1624305824228]
[111 111 1624305824228]
[56 56 1624305824228]
[28 28 1624305824228]
[57 57 1624305824228]
[58 58 1624305824228]
[14 14 1624305824228]
[29 29 1624305824228]
[59 59 1624305824228]
[60 60 1624305824228]
[30 30 1624305824228]
[61 61 1624305824228]
[62 62 1624305824228]
[161 161 1624305824229]
[162 162 1624305824229]
[164 164 1624305824229]
[198 198 1624305824229]
[169 169 1624305824229]
[170 170 1624305824229]
[172 172 1624305824229]
[173 173 1624305824229]
[176 176 1624305824229]
[177 177 1624305824229]
[179 179 1624305824229]
[180 180 1624305824229]
[184 184 1624305824229]
[185 185 1624305824229]
[187 187 1624305824229]
[188 188 1624305824229]
[191 191 1624305824229]
[192 192 1624305824229]
[197 197 1624305824229]
[199 199 1624305824229]
[150 150 1624305824229]
[149 149 1624305824229]
[146 146 1624305824229]
[143 143 1624305824229]
[139 139 1624305824229]
[196 196 1624305824229]
[132 132 1624305824229]
[131 131 1624305824229]
[124 124 1624305824229]
[120 120 1624305824229]
[195 195 1624305824229]
[118 118 1624305824229]
[123 123 1624305824229]
[126 126 1624305824229]
[130 130 1624305824229]
[133 133 1624305824229]
[138 138 1624305824229]
[141 141 1624305824229]
[145 145 1624305824229]
[148 148 1624305824229]
[153 153 1624305824229]
[156 156 1624305824229]
[160 160 1624305824229]
[163 163 1624305824229]
[168 168 1624305824229]
[171 171 1624305824229]
[175 175 1624305824229]
[178 178 1624305824229]
[183 183 1624305824229]
[186 186 1624305824229]
[190 190 1624305824229]
[193 193 1624305824229]
[154 154 1624305824229]
[147 147 1624305824229]
[140 140 1624305824229]
[194 194 1624305824229]
[125 125 1624305824229]
[119 119 1624305824229]
[122 122 1624305824229]
[129 129 1624305824229]
[137 137 1624305824229]
[144 144 1624305824229]
[152 152 1624305824229]
[159 159 1624305824229]
[167 167 1624305824229]
[174 174 1624305824229]
[182 182 1624305824229]
[189 189 1624305824229]
[155 155 1624305824229]
[142 142 1624305824229]
[127 127 1624305824229]
[121 121 1624305824229]
[136 136 1624305824229]
[151 151 1624305824229]
[166 166 1624305824229]
[181 181 1624305824229]
[157 157 1624305824229]
[128 128 1624305824229]
[135 135 1624305824229]
[165 165 1624305824229]
[158 158 1624305824229]
[134 134 1624305824229]
[0 0 1624305847494]
[1 1 1624305847495]
[3 3 1624305847495]
[7 7 1624305847495]
[15 15 1624305847495]
[16 16 1624305847495]
[8 8 1624305847495]
[17 17 1624305847495]
[18 18 1624305847495]
[4 4 1624305847495]
[9 9 1624305847495]
[19 19 1624305847495]
[20 20 1624305847495]
[10 10 1624305847495]
[21 21 1624305847495]
[22 22 1624305847495]
[2 2 1624305847495]
[5 5 1624305847495]
[11 11 1624305847495]
[23 23 1624305847495]
[24 24 1624305847495]
[12 12 1624305847495]
[25 25 1624305847495]
[26 26 1624305847495]
[6 6 1624305847495]
[13 13 1624305847495]
[27 27 1624305847495]
[14 14 1624305847495]
[172 172 1624305847496]
[171 171 1624305847496]
[170 170 1624305847496]
[169 169 1624305847496]
[168 168 1624305847496]
[167 167 1624305847496]
[166 166 1624305847496]
[165 165 1624305847496]
[163 163 1624305847496]
[162 162 1624305847496]
[161 161 1624305847496]
[164 164 1624305847496]
[160 160 1624305847496]
[185 185 1624305847496]
[158 158 1624305847496]
[157 157 1624305847496]
[156 156 1624305847496]
[155 155 1624305847496]
[154 154 1624305847496]
[153 153 1624305847496]
[152 152 1624305847496]
[31 31 1624305847496]
[150 150 1624305847496]
[149 149 1624305847496]
[148 148 1624305847496]
[147 147 1624305847496]
[146 146 1624305847496]
[145 145 1624305847496]
[63 63 1624305847496]
[127 127 1624305847496]
[142 142 1624305847496]
[141 141 1624305847496]
[140 140 1624305847496]
[139 139 1624305847496]
[138 138 1624305847496]
[137 137 1624305847496]
[136 136 1624305847496]
[128 128 1624305847496]
[134 134 1624305847496]
[133 133 1624305847496]
[132 132 1624305847496]
[64 64 1624305847496]
[129 129 1624305847496]
[130 130 1624305847496]
[32 32 1624305847496]
[65 65 1624305847496]
[126 126 1624305847496]
[125 125 1624305847496]
[124 124 1624305847496]
[123 123 1624305847496]
[122 122 1624305847496]
[121 121 1624305847496]
[120 120 1624305847496]
[119 119 1624305847496]
[118 118 1624305847496]
[117 117 1624305847496]
[116 116 1624305847496]
[115 115 1624305847496]
[114 114 1624305847496]
[113 113 1624305847496]
[112 112 1624305847496]
[111 111 1624305847496]
[110 110 1624305847496]
[109 109 1624305847496]
[108 108 1624305847496]
[107 107 1624305847496]
[106 106 1624305847496]
[105 105 1624305847496]
[104 104 1624305847496]
[103 103 1624305847496]
[102 102 1624305847496]
[101 101 1624305847496]
[100 100 1624305847496]
[99 99 1624305847496]
[98 98 1624305847496]
[97 97 1624305847496]
[96 96 1624305847496]
[95 95 1624305847496]
[94 94 1624305847496]
[93 93 1624305847496]
[92 92 1624305847496]
[91 91 1624305847496]
[90 90 1624305847496]
[89 89 1624305847496]
[88 88 1624305847496]
[87 87 1624305847496]
[86 86 1624305847496]
[85 85 1624305847496]
[84 84 1624305847496]
[83 83 1624305847496]
[82 82 1624305847496]
[81 81 1624305847496]
[80 80 1624305847496]
[159 159 1624305847496]
[78 78 1624305847496]
[77 77 1624305847496]
[76 76 1624305847496]
[151 151 1624305847496]
[74 74 1624305847496]
[73 73 1624305847496]
[72 72 1624305847496]
[144 144 1624305847496]
[70 70 1624305847496]
[69 69 1624305847496]
[68 68 1624305847496]
[131 131 1624305847496]
[66 66 1624305847496]
[33 33 1624305847496]
[67 67 1624305847496]
[135 135 1624305847496]
[62 62 1624305847496]
[61 61 1624305847496]
[60 60 1624305847496]
[59 59 1624305847496]
[58 58 1624305847496]
[57 57 1624305847496]
[56 56 1624305847496]
[55 55 1624305847496]
[54 54 1624305847496]
[53 53 1624305847496]
[52 52 1624305847496]
[51 51 1624305847496]
[50 50 1624305847496]
[49 49 1624305847496]
[48 48 1624305847496]
[47 47 1624305847496]
[46 46 1624305847496]
[45 45 1624305847496]
[44 44 1624305847496]
[43 43 1624305847496]
[42 42 1624305847496]
[41 41 1624305847496]
[40 40 1624305847496]
[79 79 1624305847496]
[38 38 1624305847496]
[75 75 1624305847496]
[36 36 1624305847496]
[34 34 1624305847496]
[35 35 1624305847496]
[71 71 1624305847496]
[143 143 1624305847496]
[37 37 1624305847496]
[30 30 1624305847496]
[29 29 1624305847496]
[28 28 1624305847496]
[177 177 1624305847496]
[180 180 1624305847496]
[181 181 1624305847496]
[183 183 1624305847496]
[184 184 1624305847496]
[188 188 1624305847496]
[189 189 1624305847496]
[191 191 1624305847496]
[186 186 1624305847496]
[190 190 1624305847496]
[39 39 1624305847496]
[187 187 1624305847496]
[173 173 1624305847496]
[175 175 1624305847496]
[176 176 1624305847496]
[179 179 1624305847496]
[178 178 1624305847496]
[182 182 1624305847496]
[174 174 1624305847496]
[199 199 1624305847497]
[194 194 1624305847497]
[195 195 1624305847497]
[197 197 1624305847497]
[193 193 1624305847497]
[192 192 1624305847497]
[196 196 1624305847497]
[198 198 1624305847497]
[0 0 1624305868754]
[1 1 1624305868755]
[3 3 1624305868755]
[7 7 1624305868755]
[8 8 1624305868755]
[4 4 1624305868755]
[9 9 1624305868755]
[10 10 1624305868755]
[2 2 1624305868755]
[5 5 1624305868755]
[6 6 1624305868755]
[15 15 1624305868756]
[31 31 1624305868756]
[63 63 1624305868756]
[64 64 1624305868756]
[32 32 1624305868756]
[65 65 1624305868756]
[66 66 1624305868756]
[16 16 1624305868756]
[33 33 1624305868756]
[67 67 1624305868756]
[68 68 1624305868756]
[34 34 1624305868756]
[69 69 1624305868756]
[70 70 1624305868756]
[17 17 1624305868756]
[35 35 1624305868756]
[71 71 1624305868756]
[72 72 1624305868756]
[36 36 1624305868756]
[73 73 1624305868756]
[74 74 1624305868756]
[18 18 1624305868756]
[37 37 1624305868756]
[75 75 1624305868756]
[76 76 1624305868756]
[38 38 1624305868756]
[77 77 1624305868756]
[78 78 1624305868756]
[19 19 1624305868756]
[39 39 1624305868756]
[79 79 1624305868756]
[80 80 1624305868756]
[40 40 1624305868756]
[81 81 1624305868756]
[82 82 1624305868756]
[20 20 1624305868756]
[41 41 1624305868756]
[83 83 1624305868756]
[84 84 1624305868756]
[42 42 1624305868756]
[85 85 1624305868756]
[86 86 1624305868756]
[21 21 1624305868756]
[43 43 1624305868756]
[87 87 1624305868756]
[88 88 1624305868756]
[44 44 1624305868756]
[89 89 1624305868756]
[90 90 1624305868756]
[22 22 1624305868756]
[45 45 1624305868756]
[91 91 1624305868756]
[92 92 1624305868756]
[46 46 1624305868756]
[93 93 1624305868756]
[94 94 1624305868756]
[11 11 1624305868756]
[23 23 1624305868756]
[47 47 1624305868756]
[95 95 1624305868756]
[48 48 1624305868756]
[24 24 1624305868756]
[49 49 1624305868756]
[50 50 1624305868756]
[12 12 1624305868756]
[25 25 1624305868756]
[51 51 1624305868756]
[52 52 1624305868756]
[26 26 1624305868756]
[53 53 1624305868756]
[54 54 1624305868756]
[13 13 1624305868756]
[27 27 1624305868756]
[55 55 1624305868756]
[56 56 1624305868756]
[28 28 1624305868756]
[57 57 1624305868756]
[58 58 1624305868756]
[14 14 1624305868756]
[29 29 1624305868756]
[59 59 1624305868756]
[60 60 1624305868756]
[30 30 1624305868756]
[61 61 1624305868756]
[62 62 1624305868756]
[120 120 1624305868757]
[96 96 1624305868757]
[102 102 1624305868757]
[97 97 1624305868757]
[98 98 1624305868757]
[99 99 1624305868757]
[100 100 1624305868757]
[101 101 1624305868757]
[103 103 1624305868757]
[104 104 1624305868757]
[105 105 1624305868757]
[107 107 1624305868757]
[108 108 1624305868757]
[109 109 1624305868757]
[106 106 1624305868757]
[114 114 1624305868757]
[118 118 1624305868757]
[111 111 1624305868757]
[119 119 1624305868757]
[115 115 1624305868757]
[117 117 1624305868757]
[116 116 1624305868757]
[113 113 1624305868757]
[112 112 1624305868757]
[110 110 1624305868757]
[196 196 1624305868758]
[167 167 1624305868758]
[168 168 1624305868758]
[170 170 1624305868758]
[171 171 1624305868758]
[174 174 1624305868758]
[175 175 1624305868758]
[177 177 1624305868758]
[198 198 1624305868758]
[181 181 1624305868758]
[182 182 1624305868758]
[184 184 1624305868758]
[185 185 1624305868758]
[188 188 1624305868758]
[189 189 1624305868758]
[197 197 1624305868758]
[199 199 1624305868758]
[123 123 1624305868758]
[122 122 1624305868758]
[124 124 1624305868758]
[191 191 1624305868758]
[195 195 1624305868758]
[149 149 1624305868758]
[146 146 1624305868758]
[143 143 1624305868758]
[192 192 1624305868758]
[190 190 1624305868758]
[128 128 1624305868758]
[121 121 1624305868758]
[130 130 1624305868758]
[127 127 1624305868758]
[126 126 1624305868758]
[132 132 1624305868758]
[138 138 1624305868758]
[141 141 1624305868758]
[145 145 1624305868758]
[148 148 1624305868758]
[152 152 1624305868758]
[155 155 1624305868758]
[159 159 1624305868758]
[162 162 1624305868758]
[166 166 1624305868758]
[169 169 1624305868758]
[173 173 1624305868758]
[176 176 1624305868758]
[180 180 1624305868758]
[183 183 1624305868758]
[187 187 1624305868758]
[193 193 1624305868758]
[157 157 1624305868758]
[156 156 1624305868758]
[153 153 1624305868758]
[147 147 1624305868758]
[139 139 1624305868758]
[133 133 1624305868758]
[129 129 1624305868758]
[125 125 1624305868758]
[137 137 1624305868758]
[144 144 1624305868758]
[151 151 1624305868758]
[158 158 1624305868758]
[165 165 1624305868758]
[172 172 1624305868758]
[179 179 1624305868758]
[186 186 1624305868758]
[160 160 1624305868758]
[154 154 1624305868758]
[140 140 1624305868758]
[131 131 1624305868758]
[136 136 1624305868758]
[150 150 1624305868758]
[164 164 1624305868758]
[178 178 1624305868758]
[161 161 1624305868758]
[142 142 1624305868758]
[135 135 1624305868758]
[163 163 1624305868758]
[194 194 1624305868758]
[134 134 1624305868758]
[0 0 1624305900178]
[1 1 1624305900179]
[3 3 1624305900179]
[7 7 1624305900179]
[4 4 1624305900179]
[2 2 1624305900179]
[5 5 1624305900179]
[6 6 1624305900179]
[15 15 1624305900180]
[31 31 1624305900180]
[63 63 1624305900180]
[127 127 1624305900180]
[128 128 1624305900180]
[64 64 1624305900180]
[129 129 1624305900180]
[130 130 1624305900180]
[32 32 1624305900180]
[65 65 1624305900180]
[131 131 1624305900180]
[132 132 1624305900180]
[66 66 1624305900180]
[133 133 1624305900180]
[134 134 1624305900180]
[16 16 1624305900180]
[33 33 1624305900180]
[67 67 1624305900180]
[135 135 1624305900180]
[136 136 1624305900180]
[68 68 1624305900180]
[137 137 1624305900180]
[138 138 1624305900180]
[34 34 1624305900180]
[69 69 1624305900180]
[139 139 1624305900180]
[140 140 1624305900180]
[70 70 1624305900180]
[141 141 1624305900180]
[142 142 1624305900180]
[8 8 1624305900180]
[17 17 1624305900180]
[35 35 1624305900180]
[71 71 1624305900180]
[143 143 1624305900180]
[144 144 1624305900180]
[72 72 1624305900180]
[145 145 1624305900180]
[146 146 1624305900180]
[36 36 1624305900180]
[73 73 1624305900180]
[151 151 1624305900180]
[147 147 1624305900180]
[148 148 1624305900180]
[74 74 1624305900180]
[149 149 1624305900180]
[150 150 1624305900180]
[18 18 1624305900180]
[37 37 1624305900180]
[75 75 1624305900180]
[76 76 1624305900180]
[38 38 1624305900180]
[77 77 1624305900180]
[78 78 1624305900180]
[9 9 1624305900180]
[19 19 1624305900180]
[39 39 1624305900180]
[79 79 1624305900180]
[80 80 1624305900180]
[40 40 1624305900180]
[81 81 1624305900180]
[82 82 1624305900180]
[20 20 1624305900180]
[41 41 1624305900180]
[83 83 1624305900180]
[84 84 1624305900180]
[126 126 1624305900180]
[125 125 1624305900180]
[124 124 1624305900180]
[123 123 1624305900180]
[122 122 1624305900180]
[121 121 1624305900180]
[120 120 1624305900180]
[119 119 1624305900180]
[118 118 1624305900180]
[117 117 1624305900180]
[116 116 1624305900180]
[115 115 1624305900180]
[114 114 1624305900180]
[113 113 1624305900180]
[112 112 1624305900180]
[42 42 1624305900180]
[110 110 1624305900180]
[109 109 1624305900180]
[108 108 1624305900180]
[107 107 1624305900180]
[106 106 1624305900180]
[105 105 1624305900180]
[104 104 1624305900180]
[103 103 1624305900180]
[102 102 1624305900180]
[101 101 1624305900180]
[100 100 1624305900180]
[99 99 1624305900180]
[98 98 1624305900180]
[97 97 1624305900180]
[85 85 1624305900180]
[86 86 1624305900180]
[94 94 1624305900180]
[93 93 1624305900180]
[92 92 1624305900180]
[91 91 1624305900180]
[90 90 1624305900180]
[89 89 1624305900180]
[10 10 1624305900180]
[21 21 1624305900180]
[43 43 1624305900180]
[87 87 1624305900180]
[88 88 1624305900180]
[44 44 1624305900180]
[22 22 1624305900180]
[45 45 1624305900180]
[46 46 1624305900180]
[11 11 1624305900180]
[23 23 1624305900180]
[47 47 1624305900180]
[95 95 1624305900180]
[96 96 1624305900180]
[48 48 1624305900180]
[24 24 1624305900180]
[49 49 1624305900180]
[50 50 1624305900180]
[12 12 1624305900180]
[25 25 1624305900180]
[51 51 1624305900180]
[52 52 1624305900180]
[26 26 1624305900180]
[53 53 1624305900180]
[54 54 1624305900180]
[13 13 1624305900180]
[62 62 1624305900180]
[61 61 1624305900180]
[60 60 1624305900180]
[59 59 1624305900180]
[58 58 1624305900180]
[57 57 1624305900180]
[27 27 1624305900180]
[55 55 1624305900180]
[111 111 1624305900180]
[56 56 1624305900180]
[28 28 1624305900180]
[14 14 1624305900180]
[29 29 1624305900180]
[30 30 1624305900180]
[163 163 1624305900181]
[197 197 1624305900181]
[187 187 1624305900181]
[191 191 1624305900181]
[193 193 1624305900181]
[195 195 1624305900181]
[198 198 1624305900181]
[188 188 1624305900181]
[180 180 1624305900181]
[176 176 1624305900181]
[164 164 1624305900181]
[160 160 1624305900181]
[153 153 1624305900181]
[158 158 1624305900181]
[167 167 1624305900181]
[174 174 1624305900181]
[182 182 1624305900181]
[189 189 1624305900181]
[162 162 1624305900181]
[171 171 1624305900181]
[190 190 1624305900181]
[196 196 1624305900181]
[178 178 1624305900181]
[168 168 1624305900181]
[152 152 1624305900181]
[161 161 1624305900181]
[185 185 1624305900181]
[192 192 1624305900181]
[199 199 1624305900181]
[184 184 1624305900181]
[169 169 1624305900181]
[154 154 1624305900181]
[166 166 1624305900181]
[181 181 1624305900181]
[159 159 1624305900181]
[175 175 1624305900181]
[183 183 1624305900181]
[155 155 1624305900181]
[179 179 1624305900181]
[194 194 1624305900181]
[170 170 1624305900181]
[165 165 1624305900181]
[156 156 1624305900181]
[186 186 1624305900181]
[177 177 1624305900181]
[172 172 1624305900181]
[157 157 1624305900181]
[173 173 1624305900181]
[0 0 1624307414385]
[4 4 1624307414386]
[3 3 1624307414386]
[2 2 1624307414386]
[1 1 1624307414386]
[5 5 1624307414513]
[9 9 1624307414513]
[8 8 1624307414513]
[7 7 1624307414513]
[6 6 1624307414513]
[0 0 1624307444868]
[4 4 1624307444868]
[3 3 1624307444868]
[2 2 1624307444868]
[1 1 1624307444868]
[5 5 1624307444990]
[9 9 1624307444990]
[8 8 1624307444990]
[7 7 1624307444990]
[6 6 1624307444990]
[0 0 1624307693155]
[0 0 1624307693155]
[1 1 1624307693155]
[2 2 1624307693155]
[7 7 1624307693156]
[6 6 1624307693156]
[5 5 1624307693156]
[4 4 1624307693156]
[3 3 1624307693156]
[8 8 1624307693156]
[9 9 1624307693156]
[0 0 1624307723165]
[1 1 1624307723165]
[3 3 1624307723165]
[4 4 1624307723165]
[2 2 1624307723165]
[5 5 1624307723166]
[8 8 1624307723166]
[9 9 1624307723166]
[6 6 1624307723166]
[7 7 1624307723166]
[0 0 1624307782336]
[9 9 1624307782336]
[8 8 1624307782336]
[7 7 1624307782336]
[6 6 1624307782336]
[5 5 1624307782336]
[4 4 1624307782336]
[3 3 1624307782336]
[2 2 1624307782336]
[1 1 1624307782336]
[0 0 1624308097922]
[1 1 1624308097922]
[3 3 1624308097922]
[7 7 1624308097922]
[6 6 1624308097922]
[5 5 1624308097922]
[4 4 1624308097922]
[2 2 1624308097922]
[8 8 1624308097923]
[9 9 1624308097923]
[0 0 1624308153180]
[1 1 1624308153180]
[3 3 1624308153180]
[4 4 1624308153180]
[2 2 1624308153180]
[5 5 1624308153181]
[8 8 1624308153181]
[9 9 1624308153181]
[6 6 1624308153181]
[7 7 1624308153181]
[0 0 2021-06-22]
[9 9 2021-06-22]
[8 8 2021-06-22]
[7 7 2021-06-22]
[6 6 2021-06-22]
[5 5 2021-06-22]
[4 4 2021-06-22]
[3 3 2021-06-22]
[2 2 2021-06-22]
[1 1 2021-06-22]
[0 0 2021-06-22]
[9 9 2021-06-22]
[8 8 2021-06-22]
[7 7 2021-06-22]
[6 6 2021-06-22]
[5 5 2021-06-22]
[4 4 2021-06-22]
[3 3 2021-06-22]
[2 2 2021-06-22]
[1 1 2021-06-22]
[0 0 02:19:36]
[9 9 02:19:36]
[8 8 02:19:36]
[7 7 02:19:36]
[6 6 02:19:36]
[5 5 02:19:36]
[4 4 02:19:36]
[3 3 02:19:36]
[2 2 02:19:36]
[1 1 02:19:36]
[key=0, value=0, expired at:02:21:23]
[key=1, value=1, expired at:02:21:23]
[key=2, value=2, expired at:02:21:23]
[key=7, value=7, expired at:02:21:23]
[key=6, value=6, expired at:02:21:23]
[key=5, value=5, expired at:02:21:23]
[key=4, value=4, expired at:02:21:23]
[key=3, value=3, expired at:02:21:23]
[key=8, value=8, expired at:02:21:23]
[key=9, value=9, expired at:02:21:23]
